100 4950
36	63	31
13	18	67
42	9	76
15	40	61
60	58	98
75	62	38
3	1	88
25	89	37
97	69	81
46	66	39
92	35	12
50	7	79
51	25	73
94	11	56
7	44	9
88	13	75
87	7	88
65	8	8
35	81	7
23	20	63
84	61	80
87	69	22
73	18	4
19	26	26
51	2	34
82	84	10
36	77	22
20	51	75
72	59	6
68	56	30
3	72	38
71	5	14
42	22	4
74	77	33
14	86	94
5	99	91
50	56	36
26	30	15
45	66	31
84	69	47
4	21	77
10	93	67
65	95	52
25	54	97
32	51	53
76	35	24
24	82	12
64	63	18
18	88	76
71	11	46
97	72	37
69	11	33
32	65	91
99	77	95
64	3	43
61	34	15
93	49	75
49	31	94
35	73	87
56	10	48
77	58	59
32	90	27
28	88	5
29	60	23
39	85	60
52	26	10
22	31	64
81	100	42
87	7	55
13	25	19
88	35	12
26	40	5
2	96	43
77	11	98
21	83	96
90	1	35
78	42	47
5	34	40
57	88	58
49	41	88
71	48	18
10	36	80
76	37	13
97	33	94
95	84	66
88	57	76
29	73	63
49	59	59
95	70	38
66	91	8
74	4	32
44	29	73
43	53	57
4	19	30
97	75	85
20	46	66
2	85	26
59	12	100
58	15	88
39	1	21
38	13	12
7	8	73
91	78	81
73	10	97
35	54	30
64	69	3
21	69	9
84	52	54
82	20	20
68	8	5
73	43	85
39	8	69
1	91	11
58	85	86
44	72	49
17	8	36
89	32	27
19	61	32
78	12	60
37	53	14
43	65	76
68	74	93
21	82	41
73	55	7
25	4	8
41	60	37
15	61	96
11	5	85
41	45	56
61	34	45
77	53	7
22	61	2
75	45	17
38	70	2
24	47	62
66	62	42
9	3	7
42	18	50
40	72	4
15	20	60
69	30	48
6	76	95
82	10	51
21	1	32
3	5	40
23	49	98
74	76	24
27	33	76
2	63	3
24	24	38
19	93	93
67	54	55
33	71	54
70	30	9
44	52	42
1	20	69
34	84	12
75	99	60
77	99	77
10	1	100
99	11	55
33	50	28
42	47	42
30	89	51
74	1	65
75	47	53
79	81	66
57	72	93
37	93	39
28	51	31
63	11	12
15	75	21
96	31	24
36	53	100
65	67	6
20	62	35
87	12	51
86	43	9
77	44	89
65	59	63
67	55	74
89	41	91
39	1	56
71	45	8
3	81	76
60	16	39
80	15	22
24	72	96
67	66	11
37	54	70
39	69	52
11	83	55
33	62	80
71	13	33
65	88	24
13	11	76
43	78	84
8	90	60
72	95	2
22	79	63
69	69	11
64	13	61
21	13	20
15	57	11
38	57	26
86	79	17
100	34	24
36	44	59
39	33	95
73	72	94
46	57	83
44	83	82
62	54	19
25	7	50
77	60	67
64	95	75
22	49	79
15	2	95
5	32	67
11	58	25
36	92	39
88	75	82
82	51	57
5	28	41
91	16	66
81	49	77
80	56	12
45	17	27
69	48	34
60	73	9
35	75	88
85	69	69
33	13	25
58	3	16
91	100	76
21	7	66
21	81	62
17	36	74
86	27	46
92	73	40
6	98	8
61	14	15
8	73	28
37	23	32
78	34	30
69	10	44
100	27	14
56	95	92
46	97	50
41	10	49
3	67	9
84	96	79
88	86	66
33	76	40
16	93	25
29	76	3
98	40	62
49	85	12
29	11	86
78	6	80
23	26	32
29	51	18
19	45	32
81	27	82
39	19	13
7	37	46
8	42	13
86	22	88
95	64	38
8	26	76
93	65	40
27	17	59
62	89	68
74	73	76
47	82	84
21	32	96
81	18	75
11	60	94
15	6	37
8	53	76
54	75	49
41	54	67
46	78	93
59	78	16
42	78	90
88	26	10
39	24	35
33	92	19
49	55	66
53	34	99
64	66	33
97	84	46
44	39	32
96	57	55
63	77	85
41	48	61
30	38	4
50	36	67
70	19	15
16	24	30
97	2	75
47	9	25
99	54	73
82	4	47
88	56	36
33	52	81
91	14	68
38	99	47
71	15	72
17	39	5
44	20	38
16	87	73
75	85	18
61	53	52
37	59	18
56	58	79
62	83	73
45	50	17
65	5	60
7	17	48
23	35	54
99	49	73
77	51	1
44	57	87
32	79	23
28	65	21
16	42	12
69	54	2
11	95	25
87	26	26
84	2	44
16	92	25
100	7	55
70	33	21
50	64	10
40	45	49
28	82	69
59	1	9
12	80	68
100	34	57
47	97	61
15	69	51
56	21	3
81	95	67
50	78	7
70	54	91
45	74	53
89	41	11
66	18	83
58	23	79
52	65	99
67	80	9
58	86	37
92	99	83
76	34	42
83	51	14
82	33	6
10	39	29
8	22	9
20	25	90
35	34	28
30	97	20
20	73	38
64	49	27
92	17	42
54	27	55
1	43	67
26	77	49
81	26	55
28	57	28
34	66	10
3	99	51
14	43	88
27	72	41
20	36	81
88	70	35
81	85	48
72	61	23
8	21	92
37	71	25
7	82	53
44	77	24
17	6	85
48	27	14
31	71	69
48	46	29
15	38	5
56	16	92
76	79	91
96	100	65
24	80	84
10	25	64
56	65	53
5	56	50
61	16	78
57	42	88
43	8	58
59	73	88
52	63	25
30	26	42
91	96	47
78	29	22
35	33	12
44	71	13
44	98	62
42	52	89
65	11	98
55	66	19
6	6	6
3	54	100
32	76	96
88	15	89
61	44	20
15	71	54
46	5	91
74	29	98
45	49	75
1	16	8
4	64	73
26	10	78
51	64	11
84	69	8
96	59	81
85	45	34
22	93	44
6	5	16
68	47	10
96	13	20
57	34	85
77	86	50
30	32	15
20	69	19
51	40	12
80	10	40
86	29	80
54	61	42
10	3	73
32	14	98
56	65	68
78	76	76
41	7	95
61	40	50
50	57	81
12	14	98
25	28	37
92	95	46
31	30	25
18	99	63
1	20	65
20	49	63
81	49	1
7	64	69
68	32	18
18	56	60
80	48	54
38	51	70
88	59	71
95	7	43
55	43	37
69	9	98
46	37	33
31	15	67
53	39	90
80	40	82
80	54	22
97	51	39
55	95	89
61	48	73
6	71	16
40	74	53
97	40	100
28	4	16
66	27	9
48	4	21
21	86	71
60	34	75
37	59	7
46	14	6
96	2	37
71	35	65
20	38	48
48	13	3
6	8	32
82	65	55
7	18	81
9	58	69
26	1	16
96	2	52
89	51	91
87	90	12
7	92	26
62	66	82
53	42	14
94	68	66
66	74	24
42	23	71
10	61	81
90	93	96
75	75	20
62	53	74
39	88	95
67	31	15
15	95	31
81	72	42
18	61	55
16	3	46
6	53	25
1	49	80
50	8	46
96	61	79
99	21	52
10	95	43
98	68	70
22	74	42
26	13	39
28	17	52
3	55	12
74	7	66
12	64	69
32	64	70
59	6	51
13	41	26
48	56	9
74	19	57
50	76	66
46	84	39
83	25	77
39	47	42
87	25	2
66	73	12
42	27	78
3	28	24
79	10	68
35	40	1
65	16	86
93	13	54
39	9	59
16	78	99
85	29	89
39	31	30
54	59	56
37	43	56
41	26	76
26	34	73
2	66	47
54	38	80
50	54	44
47	79	69
40	79	75
14	19	88
88	74	96
71	61	74
85	83	21
52	24	36
43	7	27
96	68	8
12	35	20
26	41	35
26	42	23
1	52	99
49	55	6
68	85	5
28	22	23
84	80	43
25	32	90
55	72	26
58	67	40
37	5	87
3	38	46
84	60	38
39	45	93
61	21	65
35	51	64
68	55	89
100	38	32
6	95	97
31	34	74
25	79	82
63	16	44
15	90	34
92	95	60
72	64	55
5	29	3
66	4	91
86	91	67
47	12	90
100	14	63
84	2	91
3	5	52
100	89	83
33	20	51
7	1	63
70	7	3
93	10	6
12	73	17
11	18	9
36	41	60
58	24	34
67	92	74
6	39	55
79	87	27
7	79	94
53	33	92
55	82	33
64	58	18
42	12	23
54	75	59
29	54	96
51	11	27
47	50	6
35	35	31
37	18	40
76	30	3
20	63	75
56	44	98
64	84	80
96	42	100
50	12	15
32	8	3
53	33	95
13	61	95
22	3	82
89	11	45
98	4	95
76	20	51
77	48	76
50	44	14
17	95	54
71	31	22
84	32	40
3	15	85
22	59	33
95	91	38
23	60	18
71	84	12
18	63	72
21	85	98
96	20	29
12	87	22
77	67	97
81	43	33
50	47	18
48	14	79
98	90	30
52	15	91
75	28	79
33	94	55
4	65	93
90	30	24
51	23	78
93	92	13
86	16	100
81	96	23
39	85	39
92	98	82
99	80	60
75	57	60
83	65	83
45	44	58
8	32	54
20	97	58
81	56	50
44	59	67
53	93	73
72	50	65
29	13	7
71	98	82
23	56	27
25	72	81
46	1	53
90	100	87
16	59	21
90	8	51
35	23	9
25	5	3
71	40	78
75	45	46
4	79	63
64	69	94
43	68	42
99	33	55
20	49	67
87	66	7
38	29	26
73	93	93
38	88	84
50	54	80
87	5	64
25	7	78
15	75	73
15	34	65
97	51	15
33	49	47
34	46	12
54	22	86
32	36	47
76	35	17
66	17	36
90	96	79
7	72	74
32	87	3
90	30	26
93	93	67
8	39	17
96	42	52
46	61	17
59	17	85
24	65	45
87	90	100
90	45	8
24	28	86
9	1	37
34	89	75
99	25	30
66	3	79
19	68	10
39	75	14
53	69	32
13	12	71
34	81	4
17	7	47
77	80	92
52	23	79
60	16	59
12	9	77
26	35	98
55	86	20
93	73	64
19	11	41
75	73	34
73	99	25
9	13	22
91	49	17
39	24	83
44	30	83
45	9	88
71	20	16
72	28	75
92	70	6
16	62	94
81	61	19
17	2	89
95	24	19
77	64	55
72	21	11
25	79	40
47	22	90
12	91	95
7	54	99
40	19	87
86	28	73
84	20	56
60	20	92
62	81	71
97	93	27
6	74	18
89	50	36
79	57	98
71	74	45
68	45	27
22	74	52
64	83	86
85	26	6
11	96	93
71	10	8
45	34	31
90	61	83
55	27	72
83	27	35
18	33	61
73	42	70
82	27	91
8	78	18
23	26	80
15	16	81
55	40	98
74	33	14
70	94	93
53	7	23
17	34	6
30	24	14
15	38	34
3	16	73
15	23	92
33	55	15
19	56	18
7	40	63
93	52	52
46	27	5
45	19	97
42	13	80
31	20	2
37	77	81
40	40	95
16	94	17
36	50	40
53	4	22
56	8	51
32	14	95
19	92	89
81	77	51
50	82	92
80	93	1
62	8	94
83	70	23
23	43	87
53	47	52
69	6	80
65	39	57
46	6	83
84	94	84
36	45	35
60	98	26
70	50	59
75	48	38
73	72	28
46	40	15
73	89	93
18	20	36
63	29	43
36	65	74
67	40	64
52	25	67
96	2	62
60	68	45
41	73	29
64	41	2
75	57	91
68	13	11
94	36	57
84	66	91
95	97	1
52	78	69
29	17	63
94	13	62
94	10	2
79	75	94
31	38	78
49	16	57
65	43	8
17	92	100
6	57	8
92	83	10
44	45	75
7	86	25
37	14	22
8	77	81
32	80	71
54	28	58
14	87	55
50	89	26
57	93	11
76	97	88
15	28	60
16	98	15
89	94	72
7	64	18
7	87	66
26	51	17
58	11	14
82	5	96
1	7	34
98	96	81
59	18	91
71	40	100
73	53	40
78	27	91
23	39	69
47	48	34
41	91	78
61	66	56
2	70	24
52	68	96
57	33	94
23	89	34
11	50	97
11	15	7
5	79	40
31	70	94
88	95	57
5	83	91
5	33	31
33	5	67
94	100	51
73	95	27
10	65	29
56	9	64
18	69	20
83	47	80
99	84	21
65	88	94
45	37	48
63	75	48
90	83	87
47	50	44
9	17	27
53	86	34
81	67	64
52	76	82
73	46	81
76	7	20
32	8	95
93	44	89
79	11	65
81	93	75
93	72	45
94	10	30
86	66	71
38	37	92
75	68	52
20	99	39
74	19	50
64	95	41
76	23	29
20	60	24
65	10	20
56	24	34
63	29	8
28	35	3
50	90	12
77	28	32
54	36	31
64	65	51
58	21	63
54	20	56
48	12	3
61	71	98
78	36	69
93	40	3
2	43	8
29	83	77
88	26	48
48	45	52
10	58	6
49	23	59
55	98	78
76	39	19
39	34	40
40	78	75
38	57	69
96	84	99
9	76	89
84	40	29
57	46	72
97	61	2
55	26	70
12	95	56
26	15	29
96	78	85
90	63	86
65	81	5
4	76	71
79	96	68
30	29	87
35	38	16
83	37	46
15	95	10
34	15	12
94	53	62
42	8	19
86	36	22
78	93	93
4	36	33
38	49	13
55	6	68
78	10	16
86	51	37
10	4	55
72	34	30
87	97	7
34	31	75
100	13	82
46	90	52
43	91	80
33	93	51
91	53	40
72	88	12
43	60	39
72	85	54
9	11	20
10	57	31
47	40	97
98	55	1
87	60	79
21	12	59
17	28	89
97	20	18
51	86	27
11	71	83
58	69	68
97	88	72
34	34	48
38	100	34
78	57	43
90	51	34
45	26	46
57	33	30
10	30	90
96	73	70
37	70	62
61	29	8
93	30	66
56	39	54
22	21	54
23	93	84
11	30	90
88	43	33
86	80	8
10	79	31
19	4	38
50	85	73
40	80	48
91	64	21
91	89	88
43	7	26
56	81	50
74	58	20
9	40	13
59	90	87
80	89	10
8	43	92
77	57	87
75	1	96
95	80	54
77	28	50
49	2	56
35	47	33
82	64	75
47	25	34
57	49	47
92	29	43
27	27	1
83	83	93
60	58	61
71	23	7
30	84	70
36	34	11
27	54	97
7	71	35
81	25	51
51	43	41
88	65	67
97	88	90
67	83	33
25	15	21
77	82	71
42	72	1
35	66	56
67	70	3
45	12	60
79	41	68
90	3	11
33	65	88
63	85	53
20	55	86
11	44	11
41	41	90
7	77	28
83	34	62
61	53	32
92	67	42
81	32	69
73	60	2
34	51	3
97	30	17
54	21	59
32	97	30
100	3	97
82	87	63
55	29	6
49	51	41
69	96	44
47	68	100
4	65	37
65	12	32
93	35	91
55	25	58
98	53	98
28	32	81
15	13	71
4	48	23
44	80	98
42	38	45
50	64	93
33	22	20
72	56	44
8	16	55
59	44	18
98	12	84
73	27	81
67	100	58
93	96	75
5	34	53
31	78	68
8	31	21
52	21	36
96	61	70
55	10	83
15	86	62
66	77	60
90	95	89
61	26	89
5	69	50
87	33	52
64	12	69
92	47	66
3	18	52
45	98	35
46	36	74
20	89	60
63	97	71
94	96	52
83	20	47
67	72	48
9	26	70
9	45	39
88	54	30
27	1	90
1	97	96
85	75	21
3	85	61
94	32	62
35	49	58
64	81	62
76	62	71
24	92	73
25	41	22
70	13	33
9	52	29
55	48	49
57	21	18
64	95	84
78	52	57
17	68	73
82	26	100
67	82	4
49	41	79
66	27	97
9	66	74
6	60	35
25	44	28
51	10	19
8	10	100
92	5	45
46	3	97
66	71	55
49	94	60
48	6	38
75	93	8
42	78	48
69	88	13
18	21	97
46	36	66
87	42	7
92	73	46
7	6	15
2	50	10
69	66	45
84	100	38
61	28	95
27	10	89
19	11	58
27	29	44
58	75	50
46	2	77
70	10	90
25	53	80
64	33	33
17	28	10
4	19	95
47	31	14
64	24	23
69	83	18
83	95	85
65	65	39
53	51	49
39	27	95
18	72	84
56	19	13
28	57	40
33	77	19
42	90	83
83	66	14
31	19	29
75	31	49
26	2	52
56	51	58
36	42	54
35	41	81
50	4	56
21	41	63
86	100	53
51	33	33
83	25	33
60	44	48
1	60	91
11	35	61
32	64	5
60	60	49
3	27	40
35	29	40
38	55	74
58	22	6
11	13	44
57	24	80
51	18	3
58	43	89
34	19	7
96	54	14
40	85	25
21	24	43
92	38	61
11	78	58
65	81	76
88	5	50
33	76	68
64	97	100
86	39	3
7	43	17
30	9	76
54	70	92
31	9	5
7	68	33
73	23	81
97	6	49
15	59	65
1	94	66
62	52	25
100	9	63
100	9	56
26	94	2
57	31	42
3	5	51
83	65	1
56	87	3
4	64	97
47	58	76
59	55	32
4	9	88
87	87	39
34	31	18
45	86	61
12	11	82
46	67	5
90	66	12
5	59	73
7	5	86
84	19	61
15	40	34
60	88	62
49	67	41
29	73	86
8	5	34
8	36	89
2	38	58
78	44	7
82	5	85
93	46	76
13	5	17
44	63	31
18	44	53
35	40	24
58	30	44
69	49	83
81	28	94
11	40	63
30	55	96
97	65	76
77	19	25
71	24	52
83	99	24
45	4	23
54	97	4
56	72	34
92	4	72
53	4	68
97	35	24
42	72	4
81	80	99
28	48	13
42	89	84
33	33	2
85	99	67
30	12	50
76	66	66
8	9	28
21	91	8
85	32	34
5	98	42
54	19	15
3	89	72
9	36	34
7	74	82
36	92	24
18	3	11
50	31	68
34	80	97
82	65	99
20	59	90
53	15	13
89	9	14
39	19	41
81	78	58
26	97	5
26	48	39
76	55	17
2	71	54
83	36	37
79	14	18
95	75	32
21	76	2
84	72	42
11	8	36
50	80	16
25	92	2
37	38	26
59	19	59
98	50	66
49	86	26
43	58	52
9	84	78
19	92	84
33	31	70
36	15	53
50	75	45
35	14	47
64	5	55
40	27	12
79	19	42
39	89	90
70	100	21
39	4	67
42	98	2
85	55	86
17	8	31
46	57	98
64	67	25
50	42	93
98	99	93
7	9	3
50	23	96
48	63	97
75	54	69
73	62	91
83	64	47
67	44	68
67	28	15
26	42	74
54	46	23
98	98	66
30	37	60
18	39	96
92	44	89
37	68	35
38	93	92
34	6	38
67	3	54
22	22	34
11	59	60
53	61	37
24	59	30
14	27	42
50	70	48
10	1	83
44	46	1
43	76	70
24	45	43
22	29	90
30	78	94
22	60	71
68	13	52
27	16	47
51	30	24
42	52	35
95	97	50
82	49	33
18	50	85
90	37	57
98	61	60
14	56	56
22	53	70
65	46	32
44	35	59
92	54	84
22	56	84
8	4	19
32	94	90
66	42	13
94	61	61
51	25	41
66	44	28
52	30	18
15	32	45
81	39	49
56	64	98
56	80	62
16	92	61
6	26	95
87	80	22
17	78	65
46	16	51
32	71	92
28	85	15
46	87	54
59	31	59
22	31	99
37	34	46
82	9	89
85	56	38
82	60	33
43	29	58
21	76	62
76	22	77
92	25	100
88	19	54
8	31	95
75	16	81
58	34	2
76	83	68
59	18	65
20	71	47
75	39	51
79	75	12
23	42	90
19	35	18
93	25	21
40	5	21
86	77	54
10	80	32
46	58	30
99	13	65
26	89	88
6	46	89
7	83	28
44	85	25
72	91	27
47	34	67
53	72	55
58	88	30
97	54	61
34	84	24
23	40	64
88	7	92
38	29	2
3	28	20
65	40	79
52	73	12
90	71	29
29	8	85
76	4	6
33	40	75
64	69	13
48	68	52
74	55	72
60	18	53
68	89	7
8	25	68
99	68	38
22	58	41
60	9	85
41	29	70
84	13	36
29	33	25
35	46	81
59	99	95
36	80	62
81	75	32
74	34	34
33	56	46
73	45	79
62	52	21
84	49	19
13	67	85
25	65	83
39	5	86
13	41	31
34	3	32
59	99	50
88	45	37
75	93	93
83	94	81
72	61	69
20	72	99
48	25	17
92	72	60
83	98	83
79	49	74
58	48	53
93	30	96
87	1	75
20	78	47
17	50	36
75	71	43
46	25	70
94	34	25
20	42	15
54	51	82
33	32	56
71	94	19
63	12	27
39	2	36
88	46	58
7	33	99
13	71	69
49	56	74
68	82	98
22	8	25
40	89	66
31	83	35
86	14	90
44	54	78
26	20	6
6	50	96
42	64	1
36	99	70
20	4	32
67	35	74
70	96	93
99	4	52
46	21	52
27	27	82
53	48	89
54	22	29
100	55	43
66	64	19
24	49	18
38	76	13
78	57	51
95	54	3
18	5	33
82	30	26
86	53	86
3	7	18
96	76	57
51	45	62
52	83	70
66	34	2
45	61	24
19	14	90
26	23	63
8	59	5
84	47	42
79	11	36
98	43	69
88	3	52
52	11	73
94	49	92
53	13	42
6	61	73
59	74	41
88	58	65
18	14	71
10	26	59
11	88	89
84	63	72
89	37	96
22	31	63
42	15	64
87	71	97
92	64	58
57	32	35
37	93	54
37	19	100
69	42	57
51	4	83
74	12	6
18	78	92
66	34	89
91	38	22
59	21	69
33	95	28
29	51	53
64	26	24
23	80	100
51	74	27
91	21	53
59	66	69
67	95	48
1	41	5
6	38	57
16	43	76
35	7	78
13	39	62
95	65	27
57	32	37
12	3	79
56	2	8
31	64	87
73	30	46
54	63	33
64	39	64
28	89	13
67	91	11
6	66	85
87	52	83
13	50	60
73	68	32
20	31	58
64	52	25
90	90	64
34	26	29
24	49	90
67	2	87
58	91	49
24	54	31
89	11	78
37	81	91
27	31	92
10	4	78
72	72	37
53	16	81
1	98	49
67	75	13
23	52	6
10	34	43
66	71	7
77	2	26
26	44	74
26	74	10
46	29	33
96	78	66
82	81	63
8	2	13
4	28	96
4	58	35
5	25	71
44	12	41
90	35	50
100	59	5
64	74	61
1	43	74
38	34	8
46	5	98
75	32	62
48	8	25
51	75	80
77	41	32
100	93	76
16	35	49
5	15	78
30	36	92
66	38	56
61	32	51
86	32	81
37	52	74
53	74	53
10	70	46
19	51	82
94	65	43
99	71	47
53	10	88
96	40	22
41	16	100
65	14	41
84	74	63
10	19	100
14	38	56
44	50	85
39	3	55
42	77	42
72	37	77
50	69	2
9	24	43
19	55	72
81	54	3
17	36	41
49	4	96
58	75	46
17	79	66
56	17	31
99	83	65
11	17	13
74	2	5
9	44	74
51	66	48
68	33	2
35	37	32
78	27	4
87	27	63
79	57	66
83	92	66
81	84	90
10	21	1
100	9	54
25	63	67
83	75	30
32	10	52
16	19	25
84	63	31
77	56	78
54	7	82
20	59	35
41	33	9
9	31	100
16	11	32
67	33	38
49	96	73
14	49	74
33	60	54
84	100	52
22	13	23
61	81	31
28	50	97
49	85	6
34	68	71
53	49	94
10	83	5
34	87	11
86	58	95
100	88	10
43	5	55
96	59	40
11	40	75
59	8	26
92	56	36
100	45	62
41	9	8
63	5	43
100	57	37
30	76	13
77	84	87
88	46	23
59	39	18
30	59	6
30	100	8
38	24	53
79	8	29
58	50	98
1	86	39
10	36	93
98	69	63
59	46	52
97	71	86
9	93	58
36	53	2
51	53	56
97	90	66
83	33	18
48	20	75
93	36	15
11	37	44
70	71	65
90	4	80
91	23	30
8	52	87
65	51	91
63	2	25
67	97	3
94	30	95
17	34	94
4	5	63
43	69	68
47	41	78
45	66	52
34	55	41
35	88	25
71	30	48
92	81	6
73	26	2
29	9	6
5	100	62
59	81	29
100	37	27
39	78	16
88	9	27
98	58	1
59	59	28
4	50	44
96	36	38
70	53	6
22	100	27
6	8	60
69	63	55
14	86	2
19	79	74
44	3	93
55	72	22
92	8	17
74	89	57
62	11	68
29	12	24
95	96	51
83	88	52
82	5	60
70	85	42
13	38	27
57	64	12
42	67	100
27	3	80
70	16	11
13	6	56
75	87	85
93	86	31
5	39	31
58	97	63
78	64	27
1	58	86
64	63	9
33	77	89
28	31	60
34	99	47
20	99	71
37	62	30
86	65	29
12	37	45
50	82	48
18	3	11
38	68	45
56	27	17
38	27	62
53	34	96
23	23	32
85	35	26
93	5	31
80	29	25
29	40	22
38	5	89
50	11	93
14	45	93
55	37	30
25	74	85
28	6	36
95	43	46
83	95	28
4	66	65
45	57	95
55	10	60
74	41	88
95	84	48
4	55	11
14	8	19
67	92	39
57	37	88
1	90	65
51	12	31
24	81	27
85	5	98
58	78	80
34	72	41
43	17	64
80	77	28
79	15	11
75	44	35
31	39	25
1	41	3
50	72	41
78	34	99
55	65	72
82	42	77
74	49	96
69	14	57
84	9	20
75	41	20
7	90	27
72	30	5
22	62	41
8	86	2
92	44	19
38	36	6
13	10	21
25	75	21
79	85	5
59	41	68
53	65	57
82	12	11
83	64	27
91	74	17
10	32	95
9	43	77
46	59	33
27	40	9
36	91	67
54	26	85
51	93	64
1	63	49
3	55	89
20	50	84
49	50	39
33	93	44
57	61	33
57	59	51
64	46	49
88	55	70
80	44	49
69	56	79
65	96	38
44	80	43
96	84	79
81	87	42
22	89	1
44	64	37
73	75	91
41	16	23
73	95	96
18	21	54
22	70	11
71	33	36
35	44	77
83	80	58
3	15	78
15	10	48
48	75	4
41	80	98
60	10	42
75	17	28
62	27	36
44	68	93
23	81	9
41	2	58
42	69	87
29	98	86
43	97	98
62	35	63
41	79	39
74	53	98
4	98	11
15	44	36
24	97	66
81	79	26
17	11	66
63	9	40
77	31	77
73	93	72
20	32	79
99	12	45
27	29	41
39	56	63
74	84	80
1	62	1
90	52	50
75	64	91
92	76	42
37	13	71
28	7	73
24	87	72
53	71	21
12	10	85
46	48	70
100	61	83
69	37	19
41	4	22
3	84	74
92	88	4
19	65	1
63	92	23
35	31	28
76	38	8
60	73	58
12	47	91
30	21	23
21	31	46
11	63	22
67	42	75
35	62	2
82	36	38
24	28	90
37	60	2
3	52	47
97	39	56
53	72	13
64	89	24
5	48	21
14	6	92
53	1	25
41	17	97
2	72	77
84	64	60
2	14	77
27	30	8
53	47	69
85	1	88
45	7	69
94	14	14
29	23	88
66	54	75
83	81	1
55	2	37
98	66	45
94	28	96
73	87	12
36	17	93
91	51	60
49	72	74
94	8	14
30	91	19
27	85	79
19	26	70
71	14	10
61	48	42
65	24	32
98	54	43
55	46	41
96	79	42
40	82	69
96	5	47
12	31	74
94	98	72
53	23	93
86	18	34
93	39	50
56	46	35
4	96	29
50	58	50
25	76	78
7	26	57
32	55	74
37	72	32
36	90	43
60	5	67
95	58	5
5	23	12
14	60	70
12	8	65
8	19	24
96	83	97
62	97	90
42	45	59
12	83	56
37	3	92
87	49	43
18	28	88
75	66	96
62	43	52
15	34	44
24	55	77
6	26	13
18	35	63
22	31	93
66	87	63
29	21	82
58	94	8
24	54	96
2	86	9
74	40	99
16	4	87
90	55	50
42	74	49
31	4	11
6	20	30
62	73	91
7	87	100
11	89	92
9	7	57
59	71	90
17	90	77
45	80	97
36	54	12
17	17	82
6	46	8
72	86	83
40	6	27
75	26	99
84	59	1
22	8	84
33	79	48
94	45	43
84	6	86
44	86	15
11	88	84
51	14	99
66	70	31
89	13	23
59	5	16
38	52	17
47	57	80
30	64	70
14	66	30
51	71	95
10	99	30
27	32	57
36	6	89
36	76	31
84	31	1
19	18	82
74	88	29
2	74	40
48	17	38
69	47	86
49	40	100
49	97	78
98	53	98
20	12	40
56	49	19
92	49	100
43	66	60
65	51	35
76	64	61
19	18	12
68	75	9
15	63	49
34	67	66
56	44	70
59	51	72
100	69	47
64	67	67
19	30	1
14	29	20
19	83	59
20	55	64
82	20	67
5	7	50
9	90	42
36	6	92
56	30	39
41	22	87
41	37	76
83	76	18
46	65	8
11	38	73
11	25	42
48	61	34
23	38	52
94	61	32
92	24	55
90	71	86
17	20	8
59	13	30
39	14	32
41	57	6
62	65	67
7	47	85
65	47	22
70	6	6
71	75	3
66	84	73
86	98	72
85	93	88
56	4	72
21	35	69
81	35	77
51	81	58
30	92	3
62	82	7
89	49	58
80	66	50
42	97	70
52	15	3
99	52	1
29	75	88
62	72	64
15	88	40
72	73	70
57	4	43
48	67	99
15	89	98
40	15	3
4	50	63
39	81	23
2	50	57
82	63	48
92	89	4
55	1	62
15	90	74
56	91	72
72	24	60
89	48	51
69	90	32
23	12	81
18	96	47
6	42	88
26	1	62
81	87	89
79	79	94
58	30	94
54	81	26
68	99	65
38	45	3
29	71	42
79	95	31
58	58	94
62	8	21
88	62	33
94	15	68
67	3	14
41	10	52
93	89	75
49	51	75
43	60	34
100	3	2
88	73	54
10	3	19
5	51	96
16	46	37
75	59	37
85	2	19
87	42	86
64	92	50
69	29	52
91	58	79
22	87	51
53	23	94
99	6	62
61	59	69
6	11	62
64	10	90
26	48	82
20	68	44
88	49	19
94	30	17
46	13	67
9	20	42
71	82	99
85	59	83
5	83	20
21	53	100
71	90	99
56	48	14
9	94	98
3	56	32
47	37	8
77	24	85
23	67	45
63	4	76
38	67	20
60	89	23
40	48	23
7	94	28
34	27	39
4	55	32
22	27	29
24	69	75
75	90	91
25	25	52
27	95	94
56	40	25
60	6	13
35	48	18
43	42	98
25	63	58
10	29	5
52	2	38
14	27	6
15	9	85
33	55	41
28	7	46
82	26	72
63	24	59
85	31	69
54	90	49
35	30	33
17	58	28
33	13	38
45	100	95
34	26	3
3	97	35
17	34	84
15	71	36
13	26	64
74	12	36
99	44	90
91	72	34
64	57	20
39	9	47
1	70	43
47	89	48
6	92	67
71	61	51
89	68	27
38	86	91
25	58	76
63	73	73
91	85	79
69	17	9
36	52	88
21	68	63
99	25	99
57	17	67
89	49	64
43	70	10
38	68	38
65	83	97
45	13	42
84	48	19
1	87	53
67	42	14
1	45	58
71	85	72
86	91	25
84	46	100
69	86	32
61	93	49
52	22	15
6	11	81
38	60	29
44	97	100
49	33	71
92	52	73
49	40	90
14	54	51
40	42	1
24	15	75
34	34	36
5	98	95
88	72	91
59	4	79
84	79	89
44	9	50
22	18	10
10	50	36
70	36	28
41	98	90
68	90	40
45	73	1
34	21	74
96	70	1
19	87	23
98	59	13
49	10	78
38	89	8
8	12	8
86	14	62
51	18	40
34	22	5
61	40	39
39	48	84
59	63	28
83	68	47
34	80	97
40	26	33
81	78	83
50	38	61
3	62	28
5	60	84
18	40	38
76	86	17
91	34	61
41	9	95
98	30	26
94	68	72
67	51	37
39	18	88
38	51	25
33	17	64
91	38	83
19	28	20
96	99	62
90	100	30
46	91	100
71	95	13
46	75	11
11	57	81
24	14	35
76	31	57
38	51	57
50	23	98
29	51	51
34	64	71
55	41	68
64	94	29
20	93	12
75	5	38
97	53	87
57	34	1
83	54	69
20	36	55
16	71	49
47	20	63
24	47	36
23	3	57
85	22	30
82	28	48
66	17	59
11	30	88
80	82	78
33	8	60
91	69	70
67	43	82
80	80	25
35	12	12
58	72	99
92	50	39
9	8	73
77	18	39
3	50	63
86	55	40
83	51	46
82	93	3
74	74	58
83	44	85
48	67	28
2	7	31
65	65	67
92	26	61
19	77	49
78	85	26
45	78	48
81	100	65
88	14	68
51	35	51
75	87	43
20	98	62
70	72	7
37	9	23
82	24	46
30	68	57
21	51	35
19	5	88
5	51	84
77	43	76
6	2	45
16	16	91
49	30	15
9	91	82
91	40	57
53	62	32
56	12	17
55	43	48
97	41	98
77	74	88
42	73	93
97	43	36
37	97	53
42	32	2
59	94	13
43	36	71
7	74	20
65	84	45
98	4	9
98	56	46
65	73	83
41	43	39
3	53	64
51	27	36
72	31	74
50	82	69
31	99	29
63	17	74
27	41	37
29	26	73
66	15	32
24	38	84
13	64	76
23	14	1
14	23	87
60	93	40
28	20	15
38	75	17
11	19	64
34	39	3
20	16	2
81	77	70
96	70	51
77	69	51
10	97	95
91	11	82
55	11	60
23	49	34
80	54	69
37	56	41
14	4	44
20	25	22
52	72	24
58	81	69
77	7	87
10	14	75
34	35	52
52	93	41
23	35	11
74	92	85
95	99	100
70	68	90
53	91	6
57	70	23
74	47	44
13	45	80
9	35	98
80	66	16
92	77	15
83	97	51
98	21	18
56	37	15
41	79	6
7	52	2
84	7	90
16	54	42
44	41	23
55	95	68
83	15	87
57	40	50
12	71	96
52	24	84
38	34	89
77	47	61
63	27	9
44	12	81
89	87	26
55	50	26
1	59	81
97	52	80
93	97	4
39	54	51
47	62	59
89	89	31
14	31	93
13	95	61
29	27	95
40	12	49
63	76	59
20	76	41
77	7	18
54	21	75
78	89	64
19	79	13
43	73	79
61	75	21
64	83	60
50	53	98
93	13	60
48	60	33
22	97	20
3	40	11
96	41	97
90	67	38
62	10	59
64	88	28
31	35	98
31	75	47
12	83	50
11	79	56
13	74	28
3	77	62
40	37	57
58	59	90
66	46	37
88	74	89
27	39	76
60	71	6
31	56	94
35	47	71
48	94	39
70	77	84
47	13	83
47	5	92
87	98	54
90	92	89
40	58	64
89	1	36
64	82	43
17	64	95
4	61	24
29	83	56
3	98	74
86	46	61
94	80	80
84	18	99
35	73	29
11	24	2
65	51	44
95	100	50
36	25	46
71	28	63
24	7	73
84	53	16
85	74	70
8	15	51
53	41	63
52	41	31
65	58	53
11	96	89
18	98	35
17	33	96
69	91	50
55	38	2
63	76	81
98	81	68
44	20	63
38	98	73
31	87	42
44	98	98
74	73	72
67	53	26
77	34	49
13	6	91
33	75	90
77	8	9
51	17	51
28	78	47
7	62	18
22	10	57
50	92	73
26	100	89
41	70	67
62	9	89
4	52	42
3	91	5
72	56	67
100	94	94
59	20	61
87	50	36
73	33	14
56	62	94
88	38	9
14	48	54
16	83	90
55	55	88
98	17	26
44	25	98
71	60	48
19	54	1
90	47	6
20	12	61
55	28	64
3	68	78
74	46	79
92	40	18
36	78	99
36	18	36
59	67	18
7	56	66
37	73	5
46	66	64
36	27	70
18	74	44
38	27	73
28	73	82
92	11	17
80	8	97
100	15	59
53	20	80
18	22	82
42	25	24
94	24	65
4	53	47
3	36	42
78	43	60
33	63	97
88	95	48
90	18	25
63	32	4
3	42	14
67	99	56
34	3	74
93	95	57
100	86	69
51	1	27
8	97	81
33	66	21
80	64	26
84	89	92
63	64	4
90	6	96
67	40	56
87	73	30
98	64	81
67	67	51
100	46	87
23	46	37
55	76	3
17	38	41
66	62	20
64	75	47
33	48	59
78	39	65
22	89	2
34	33	78
95	95	75
73	71	23
97	43	55
44	69	2
65	100	32
32	65	77
71	57	45
41	42	54
80	21	73
32	90	63
42	76	80
53	9	16
26	11	85
6	90	26
39	27	28
60	99	67
18	44	32
54	48	22
100	56	27
4	98	65
55	5	45
46	59	57
97	92	81
43	73	29
40	86	69
21	15	29
77	68	75
67	16	40
75	5	46
72	62	1
10	27	82
21	48	77
23	99	76
53	96	63
63	41	26
71	50	90
7	6	83
24	54	78
42	8	12
63	40	87
93	84	1
79	78	93
81	44	18
56	3	33
6	37	79
56	4	94
2	22	48
43	64	11
70	10	23
22	52	97
55	40	10
26	88	25
29	58	1
34	50	23
15	8	81
46	4	75
39	58	95
25	55	81
84	16	70
11	16	41
11	48	89
77	54	77
33	67	1
52	3	87
67	37	84
75	25	62
56	57	58
13	49	3
22	33	88
78	38	17
67	94	44
52	6	55
87	36	84
92	98	94
59	59	73
51	92	86
72	38	18
100	36	4
6	95	10
93	11	27
69	47	13
42	63	57
49	30	35
81	59	95
66	50	49
93	55	55
42	95	12
53	66	95
20	10	45
63	99	26
34	13	86
40	7	64
64	10	14
33	34	16
43	96	23
6	34	39
95	52	100
15	20	83
7	5	89
47	18	6
29	65	56
56	36	100
63	53	99
75	63	40
13	34	68
54	65	61
71	35	21
94	29	97
75	57	38
89	89	85
60	27	35
29	85	52
94	62	33
88	12	19
8	95	58
86	74	27
60	4	20
82	8	75
16	81	25
96	83	22
55	72	50
64	13	50
40	59	80
2	32	51
11	78	74
23	53	51
80	71	38
30	75	50
86	66	86
64	86	80
61	4	43
42	22	7
19	81	25
26	57	82
80	92	91
100	43	14
97	59	73
78	17	55
50	94	80
74	4	25
26	6	77
15	42	45
62	46	60
99	39	44
5	12	28
99	59	47
21	90	90
44	10	1
86	91	24
49	25	1
22	21	36
24	2	7
18	22	61
98	3	6
97	42	84
6	37	100
27	9	7
94	98	56
1	77	8
46	55	22
44	99	20
99	34	59
23	21	65
44	43	22
64	16	6
17	42	93
73	86	91
20	52	11
97	37	6
91	35	57
89	71	14
100	78	70
41	38	45
51	86	18
94	5	16
65	20	82
7	85	80
16	58	25
2	38	89
54	84	52
31	8	89
7	67	15
74	90	92
99	30	78
69	85	68
7	4	59
19	39	26
66	58	84
56	76	89
95	69	70
74	71	36
4	27	30
35	17	25
99	20	14
88	82	45
41	50	14
14	68	3
36	10	19
84	76	29
62	57	5
59	35	62
29	3	83
42	42	40
57	45	96
96	32	69
100	48	53
44	86	58
34	32	7
13	72	93
27	11	17
28	46	75
54	13	56
35	24	43
12	26	97
67	72	81
18	43	34
51	38	52
13	56	95
77	88	31
2	53	15
98	46	51
15	69	98
44	93	91
63	8	92
39	7	45
9	66	76
38	19	73
57	7	73
67	52	90
53	83	38
29	100	1
90	27	63
79	34	90
25	19	54
62	34	14
87	61	92
12	63	26
100	90	72
66	19	98
87	7	87
11	31	12
31	94	48
37	48	9
6	48	16
77	4	55
96	30	20
85	73	23
51	50	48
33	51	65
39	59	40
3	58	45
16	43	16
33	78	3
98	84	17
80	48	47
73	46	26
93	81	41
85	35	74
96	69	39
35	68	91
11	24	70
64	11	6
33	66	99
36	96	20
41	4	6
85	4	24
42	53	92
67	86	48
31	93	87
65	10	2
73	89	73
26	99	38
78	31	53
40	66	14
78	38	52
56	38	93
100	67	92
73	35	27
79	93	34
17	29	52
44	90	70
33	59	40
13	19	7
73	87	63
75	97	3
1	63	2
29	85	86
54	72	81
91	83	81
79	97	35
66	33	66
49	48	92
40	52	50
53	62	35
93	96	75
89	49	57
42	100	14
57	55	75
78	12	31
2	6	57
88	1	11
78	58	100
45	27	67
58	45	20
24	87	42
77	89	66
11	60	47
37	56	33
2	21	70
43	23	5
32	46	75
52	75	68
5	53	4
46	87	72
61	99	48
46	67	49
47	17	76
7	43	37
94	60	45
24	35	18
13	20	68
14	50	49
74	42	40
41	8	64
53	41	8
32	84	25
43	16	78
42	36	53
86	44	56
60	61	39
99	78	98
20	93	90
51	100	29
36	66	55
46	30	7
9	68	17
53	49	20
20	22	81
30	25	20
99	68	81
26	20	99
43	23	46
55	33	67
41	25	24
54	64	72
69	74	3
72	85	24
42	39	38
34	32	13
41	62	90
98	10	45
30	92	48
1	98	59
51	50	90
31	91	77
78	40	71
73	84	96
73	75	45
45	80	44
95	16	83
50	14	57
25	47	60
77	96	35
98	56	20
35	58	44
55	96	87
6	51	98
12	5	75
53	47	11
95	60	34
63	56	35
16	99	32
43	27	81
75	96	18
14	62	83
90	24	76
1	76	11
52	10	77
89	43	37
55	37	26
60	52	56
15	19	85
21	53	99
88	32	88
59	87	11
6	97	56
88	33	60
78	39	16
66	78	51
78	77	89
50	57	40
13	18	83
60	100	6
24	8	6
90	33	84
74	78	22
89	47	1
21	50	51
63	3	57
24	81	82
40	20	59
79	40	91
69	100	93
36	76	74
72	91	69
25	54	16
38	38	98
93	47	87
78	19	33
60	51	100
32	72	79
28	60	97
7	73	90
50	88	22
80	78	29
51	77	99
30	26	44
96	98	56
64	61	29
49	13	18
25	62	87
12	76	15
52	39	65
29	83	16
19	25	84
86	56	10
34	10	56
85	41	23
88	89	63
25	41	32
29	30	47
62	48	82
87	44	37
50	96	69
77	46	24
54	50	93
71	59	66
100	10	42
27	44	50
42	8	15
74	47	45
50	25	15
42	14	22
48	100	74
41	90	11
96	30	70
69	65	26
90	77	42
73	35	92
99	86	44
21	35	15
4	89	46
20	90	55
70	89	7
24	42	18
65	21	37
83	53	96
5	59	69
32	14	30
62	86	7
73	27	32
37	56	34
79	6	82
52	62	64
4	5	5
41	92	58
98	70	71
39	36	15
64	48	81
55	21	86
95	75	82
65	78	90
33	29	61
57	26	45
20	10	91
85	19	94
53	36	73
69	10	82
96	60	52
51	26	53
59	89	58
75	52	90
71	94	23
75	44	23
26	34	33
7	52	60
57	86	17
43	13	54
68	81	45
75	10	22
45	98	18
4	49	47
5	14	92
91	79	29
33	74	88
18	12	71
77	33	29
14	21	64
43	8	62
49	89	37
26	62	13
66	29	81
25	24	4
78	98	27
73	76	94
38	14	65
68	86	29
32	19	75
3	34	76
42	61	3
53	25	85
38	83	18
50	51	30
6	87	62
1	45	82
94	38	97
76	67	93
71	38	51
42	40	74
12	99	27
27	87	25
35	49	11
62	38	74
44	53	20
15	57	35
66	20	91
49	25	10
86	21	17
84	87	17
18	8	63
76	83	5
43	32	99
31	42	86
68	63	13
9	53	53
83	50	31
84	5	7
6	81	22
14	81	53
26	55	16
37	2	93
78	60	86
94	36	86
41	94	41
97	45	89
28	90	85
25	64	39
31	39	84
53	64	68
9	77	71
6	49	25
18	96	16
60	94	30
91	72	27
60	13	10
70	89	46
100	47	64
32	42	66
61	20	15
95	97	95
4	88	93
64	81	23
79	24	40
35	52	34
70	34	74
59	96	24
45	54	10
86	56	67
84	78	52
81	66	96
68	1	75
81	63	3
89	6	77
64	77	85
90	24	28
44	70	8
84	21	39
96	24	62
23	40	11
60	53	43
60	64	39
100	92	16
63	98	84
12	70	50
95	37	89
94	61	5
40	89	13
71	61	48
87	77	49
2	24	1
11	26	65
29	25	50
61	99	14
83	56	52
77	27	22
48	40	89
91	26	69
8	14	95
97	22	92
37	33	92
89	15	100
100	82	99
39	26	23
2	20	49
9	67	3
25	34	47
24	3	70
92	16	92
55	30	25
100	91	42
29	39	27
69	31	1
35	34	12
56	61	34
66	96	46
28	91	21
14	42	26
4	20	60
99	38	89
3	8	75
44	86	32
43	10	89
2	20	85
49	54	19
29	8	21
41	66	24
60	73	51
98	95	82
38	28	40
95	92	41
74	16	79
16	34	28
97	83	73
98	81	31
69	31	54
41	93	35
33	82	98
56	73	16
100	77	63
62	39	17
34	22	52
56	50	6
80	58	31
18	69	77
43	51	35
64	54	68
50	8	36
2	30	40
28	1	9
73	99	71
42	3	85
25	50	88
92	18	28
16	3	80
32	25	77
62	16	19
92	91	44
6	71	44
62	3	77
38	47	31
45	64	12
87	8	100
1	46	76
57	18	89
63	17	93
2	69	99
54	71	19
77	90	98
87	77	69
95	79	5
73	61	6
44	40	26
18	20	36
53	48	62
76	11	25
36	16	42
74	24	23
76	25	48
75	19	96
74	67	43
72	20	9
75	39	96
74	74	100
12	42	100
21	44	45
35	86	22
16	84	74
28	15	92
83	94	54
42	41	8
62	50	87
63	67	15
77	39	59
11	30	3
59	85	47
79	98	70
35	14	58
31	45	70
2	29	63
73	28	68
39	4	36
55	87	18
88	4	87
83	80	23
8	50	7
9	51	22
44	13	9
35	66	79
19	1	70
5	82	6
48	94	81
6	39	65
78	47	60
58	18	41
91	87	33
48	60	50
41	94	93
27	18	50
6	91	61
26	6	4
76	57	49
66	6	51
79	9	52
1	97	13
72	70	70
80	69	30
8	61	15
83	80	50
84	95	7
1	55	29
44	6	59
97	64	86
48	37	5
39	91	13
54	7	30
75	98	51
22	46	69
53	97	77
11	57	88
87	51	23
7	75	12
34	56	17
73	96	23
38	87	34
4	56	64
2	24	12
24	23	58
26	86	36
3	31	78
77	3	91
3	93	97
36	32	77
23	63	3
66	37	37
67	50	8
33	43	2
67	49	51
1	45	75
17	69	36
11	36	53
77	17	67
25	39	59
12	89	28
30	53	19
99	32	26
53	91	21
93	34	23
64	89	96
61	62	11
6	37	14
92	45	21
12	100	91
47	3	96
95	58	56
94	39	15
74	90	29
95	81	74
17	70	93
7	4	37
45	97	15
82	53	20
61	72	85
80	12	45
20	87	37
29	50	4
71	92	21
4	71	83
64	39	93
75	15	33
70	72	98
29	14	38
78	94	4
74	89	80
39	60	61
63	83	97
100	23	40
39	29	6
14	75	27
74	32	65
88	71	75
16	69	58
60	48	28
91	95	39
8	90	95
57	49	62
57	43	95
81	48	5
15	21	54
84	19	96
33	34	98
40	87	88
65	73	86
33	40	46
95	79	36
25	95	91
89	9	47
9	48	97
13	2	8
44	7	80
27	97	48
75	28	7
85	66	19
55	69	87
67	82	18
85	54	2
44	97	97
14	88	61
86	64	3
22	79	8
76	86	11
60	28	26
36	8	88
1	61	70
34	59	93
7	35	19
6	3	8
34	41	19
15	62	40
4	24	53
67	17	75
21	72	33
6	60	40
10	76	13
74	50	65
72	72	75
30	9	26
96	78	62
82	70	52
21	89	18
75	32	42
1	23	81
98	27	61
39	45	100
96	19	8
36	16	79
83	9	23
62	15	9
89	74	51
30	78	35
57	3	20
86	85	7
85	79	69
61	89	91
36	67	34
20	83	65
53	32	29
27	46	41
76	6	34
45	60	93
32	97	92
86	45	77
82	5	31
53	9	41
34	72	88
83	100	14
69	72	31
96	22	30
96	26	36
57	89	22
45	64	72
44	32	50
55	67	98
97	28	37
82	92	7
89	46	67
79	23	29
40	14	98
75	19	85
69	69	96
83	89	22
51	80	94
35	98	59
51	62	99
75	91	98
28	28	7
38	6	61
63	8	51
25	95	12
6	44	50
29	31	50
57	40	57
100	36	94
1	17	35
3	5	96
38	43	15
50	9	77
77	100	37
99	8	5
29	55	53
48	51	43
62	11	19
99	46	25
19	34	14
3	20	54
67	59	69
3	17	7
22	80	26
98	22	16
24	46	69
94	78	65
32	2	93
71	2	54
61	76	64
75	12	1
14	20	94
27	38	17
36	17	27
86	29	91
31	91	31
39	25	27
56	2	46
61	96	73
83	82	37
21	26	75
21	6	34
30	46	19
83	20	45
60	46	7
17	14	59
59	95	49
45	67	40
67	12	38
55	3	34
52	73	50
74	51	74
46	38	52
3	73	29
59	5	62
71	45	44
84	2	38
55	93	42
15	11	36
59	43	85
45	61	45
27	98	16
46	58	32
7	79	12
49	85	66
3	71	69
9	37	22
34	14	64
89	36	90
76	32	36
50	65	34
36	18	35
28	88	20
57	77	49
34	16	22
79	67	35
23	92	65
81	2	16
42	39	31
95	88	25
20	58	22
85	32	89
67	20	2
32	67	19
89	24	61
76	89	60
30	60	83
91	69	17
6	56	29
32	43	10
18	44	62
26	13	79
25	97	68
74	82	65
18	45	24
43	64	38
11	70	62
64	32	67
2	80	66
80	29	9
82	94	26
30	37	26
35	76	84
62	2	88
12	35	83
79	97	95
90	97	9
97	58	58
68	35	74
23	98	95
41	7	99
100	31	57
51	64	46
72	92	38
71	41	71
26	58	81
62	79	70
43	75	48
78	66	82
28	83	84
91	42	47
89	11	52
99	65	9
33	7	44
38	18	73
40	15	28
7	69	83
63	11	67
65	95	21
27	58	33
75	11	65
38	2	19
4	72	27
50	15	87
96	64	17
35	86	81
38	54	76
32	8	64
44	29	43
70	63	43
53	87	61
40	71	75
89	12	33
67	43	69
78	26	98
39	73	100
71	60	27
50	75	19
68	32	27
8	18	79
73	36	14
34	8	35
25	31	23
62	81	78
16	32	35
94	52	74
68	92	88
40	7	31
45	67	45
88	44	11
90	20	12
69	53	98
35	3	41
7	10	60
27	30	89
30	22	16
58	56	2
86	46	39
65	45	97
96	75	31
21	17	61
68	54	100
81	16	81
40	32	26
87	3	42
89	60	34
42	58	40
99	7	11
18	10	8
45	73	5
17	82	7
87	68	32
83	54	48
36	3	33
55	22	7
61	14	15
22	85	97
81	53	81
38	37	73
49	7	2
51	44	68
96	57	89
30	71	68
9	89	19
66	91	13
29	94	45
7	24	72
81	60	98
54	19	23
27	8	81
50	1	14
45	6	74
46	32	58
6	50	42
89	62	93
5	18	90
49	95	20
42	36	79
40	8	58
18	59	21
44	56	98
49	34	49
14	63	9
38	36	3
99	45	100
50	46	39
19	24	96
52	86	85
69	31	45
17	61	44
54	57	86
30	94	90
64	22	79
26	21	89
86	30	29
9	94	91
28	85	85
50	52	94
26	32	18
58	77	37
78	76	83
76	29	46
5	21	46
71	87	92
30	6	62
31	18	58
87	15	3
36	96	74
83	98	80
48	93	20
77	85	18
47	8	65
33	42	65
17	38	21
10	41	84
31	92	7
57	64	79
9	10	82
21	19	45
46	16	22
63	3	82
8	99	4
60	81	25
45	11	52
67	90	54
38	6	38
92	58	75
51	43	9
17	51	50
43	82	66
64	33	81
69	56	66
21	40	84
83	70	74
50	20	73
87	32	48
99	94	28
66	46	48
58	34	65
63	84	30
44	2	50
47	83	55
58	85	45
31	68	56
1	96	68
86	8	9
87	48	43
81	71	38
23	19	8
89	82	75
46	50	59
81	22	100
42	60	34
66	38	55
28	84	57
64	35	99
100	56	84
98	32	51
55	18	28
82	29	29
64	13	28
84	25	13
36	28	79
16	44	59
23	1	72
53	46	61
44	49	68
31	48	64
30	41	76
65	21	66
79	72	68
33	52	67
88	20	48
94	80	100
71	40	93
92	67	38
75	76	8
71	84	48
60	51	41
85	94	32
73	90	11
62	37	54
28	61	100
35	28	83
55	48	45
57	7	2
95	60	49
10	5	27
54	96	58
57	64	99
6	46	64
15	89	45
97	48	98
11	48	25
51	92	3
99	43	52
71	18	76
80	99	67
58	74	16
18	20	58
34	74	9
90	52	88
1	18	39
28	87	23
34	69	99
3	14	80
58	4	53
93	15	23
14	36	27
20	20	64
25	5	13
41	80	65
12	12	86
71	41	41
71	21	92
14	10	87
23	60	84
81	62	33
59	10	30
61	92	64
1	50	38
100	57	19
55	42	31
64	5	27
45	31	97
88	86	15
69	3	42
39	78	11
97	82	41
60	19	31
64	5	99
81	68	13
93	43	5
79	62	57
96	66	37
44	9	34
32	27	77
83	68	10
25	89	87
77	5	48
75	12	15
67	7	88
58	14	36
3	9	84
24	66	25
22	31	39
9	65	67
97	6	82
60	53	33
6	36	66
66	29	37
18	12	63
63	64	83
55	91	27
96	5	14
76	33	74
89	77	95
9	6	25
37	92	17
73	1	20
62	98	16
17	95	6
67	5	21
55	56	94
96	78	73
30	41	72
70	8	28
36	77	78
20	92	72
58	65	16
90	22	18
49	95	3
96	77	88
60	24	50
96	20	74
11	35	58
28	34	66
40	85	27
2	84	30
58	55	5
26	33	53
68	74	46
34	54	36
83	81	13
52	100	55
92	82	76
27	83	21
40	48	48
92	57	11
66	62	20
99	70	67
86	21	17
65	66	60
19	14	100
84	41	43
93	49	36
14	37	59
5	67	20
48	27	81
86	85	35
34	54	47
93	50	78
35	94	24
85	61	88
57	96	45
85	54	80
35	79	41
87	38	72
49	45	67
4	36	84
86	5	29
7	82	11
46	28	69
92	53	68
54	82	71
31	86	81
27	27	26
58	92	62
9	17	57
36	98	24
35	72	57
95	53	6
58	31	28
42	20	60
97	14	32
38	61	78
60	32	52
32	61	15
16	10	16
99	24	13
24	43	53
74	94	25
56	40	42
62	48	70
42	3	79
17	88	51
66	7	84
68	11	75
80	44	62
95	90	47
34	95	72
32	75	36
35	39	34
80	25	99
32	63	6
55	2	73
19	95	42
39	71	80
21	16	11
11	43	56
49	94	58
31	41	85
95	16	88
26	41	83
12	79	58
95	99	50
58	39	81
32	53	9
67	99	38
51	14	86
3	46	43
40	38	94
5	75	18
74	64	93
32	7	43
20	8	59
78	39	12
63	10	47
11	66	20
27	69	45
73	50	61
86	2	33
70	85	41
85	74	5
9	88	76
81	49	50
47	11	72
72	40	92
38	17	19
38	29	92
39	22	70
28	7	74
39	80	97
87	44	99
42	1	79
29	60	58
73	25	75
17	82	44
48	37	56
65	80	5
52	33	24
16	84	19
88	97	54
44	82	53
43	32	37
60	5	26
81	15	74
9	92	72
7	87	83
14	75	75
39	31	34
12	97	8
42	91	71
41	53	75
21	18	48
42	41	21
56	82	84
3	97	30
57	88	4
72	99	33
90	49	39
87	17	49
47	14	69
37	95	56
72	58	87
60	37	10
17	58	22
13	75	86
63	89	68
34	24	16
78	24	76
93	76	30
32	83	35
89	36	75
83	56	90
90	82	72
30	76	40
71	25	66
94	20	73
63	97	31
93	58	81
65	39	63
98	91	17
15	38	13
91	17	1
43	6	79
73	22	60
75	13	78
65	33	83
72	53	24
99	88	60
36	7	36
27	95	64
26	89	62
22	29	36
89	7	51
27	95	66
93	23	11
68	67	18
50	99	46
32	15	76
28	20	45
96	60	26
82	5	10
94	61	57
38	20	22
7	14	10
59	18	50
49	42	84
100	44	40
98	22	39
22	30	78
84	60	62
13	56	58
21	27	61
13	34	50
30	68	93
51	10	89
29	36	49
81	17	29
61	51	18
10	82	58
93	37	43
82	4	9
69	57	95
70	76	73
85	5	90
65	77	20
62	97	72
41	22	43
65	72	85
69	59	43
48	69	58
34	48	63
75	27	13
93	32	28
19	15	82
36	52	79
70	23	78
8	96	1
35	51	30
34	93	62
89	55	90
35	3	74
50	48	68
76	27	3
41	95	19
37	50	13
89	54	68
94	71	67
67	42	9
18	30	70
25	1	45
12	95	94
92	19	58
23	53	43
32	71	14
61	42	87
13	85	21
48	85	1
70	73	87
9	88	27
92	47	61
93	55	19
20	29	20
89	15	69
13	62	67
6	73	13
41	25	11
86	98	7
21	29	41
19	60	37
16	96	27
96	97	28
97	4	6
64	90	68
84	79	90
63	79	65
26	17	90
50	77	83
2	92	17
95	23	78
22	56	2
27	73	87
6	9	29
96	11	98
10	31	56
99	14	15
35	72	72
28	13	56
54	15	21
92	72	99
13	13	55
1	35	65
67	36	50
26	1	81
44	86	88
98	66	96
7	10	27
41	35	20
35	36	52
32	26	74
88	49	26
51	45	95
79	12	61
70	84	26
51	46	28
5	4	43
70	60	50
49	11	90
22	34	25
46	26	40
34	38	42
90	9	41
25	53	72
81	9	64
69	86	88
70	72	9
89	20	37
43	39	19
3	79	71
100	53	97
56	97	13
75	11	80
73	68	7
86	21	56
96	99	60
46	57	73
33	61	16
100	43	70
45	45	26
44	12	33
42	40	99
28	91	74
33	62	72
78	61	96
90	1	34
19	43	10
83	62	41
8	46	89
100	68	86
82	72	94
87	83	60
6	62	41
62	77	23
5	7	86
15	85	25
26	62	11
6	73	82
7	68	75
21	91	34
57	38	97
24	2	69
1	78	20
55	85	72
52	4	39
58	44	20
87	74	68
65	57	19
89	36	59
13	19	65
3	16	27
41	100	27
85	28	19
97	8	38
80	47	39
22	69	70
48	3	54
64	97	12
18	40	42
31	46	3
62	16	6
84	61	11
93	51	38
26	17	38
66	27	72
30	73	41
36	84	98
80	10	9
78	26	53
100	82	44
86	43	45
85	96	6
8	68	50
89	18	97
38	99	46
84	3	75
21	45	7
8	85	83
47	85	89
12	40	96
84	23	87
33	68	85
16	56	26
20	8	21
45	62	87
33	60	31
32	94	22
98	7	29
68	93	84
8	100	44
13	3	5
3	93	54
85	23	51
23	54	14
93	76	58
37	55	21
90	22	72
42	33	45
30	80	74
50	92	66
15	50	97
2	55	62
97	12	73
92	16	35
15	21	15
93	79	83
45	52	30
9	45	77
80	67	18
14	74	61
70	85	60
55	56	75
17	68	90
93	39	56
58	5	6
90	100	35
47	30	55
68	29	38
77	28	32
62	96	35
52	9	45
94	45	89
53	89	84
98	85	51
24	35	38
65	22	44
66	99	89
97	48	16
99	81	58
83	58	39
22	96	20
47	69	98
98	92	54
47	86	31
25	84	68
19	78	22
12	56	1
73	76	40
45	55	38
19	92	7
29	6	32
27	64	47
48	89	98
42	35	79
50	48	99
70	49	8
8	92	74
17	40	64
37	84	77
100	7	12
35	17	70
97	64	15
32	8	51
52	4	35
14	58	18
15	45	90
21	36	31
14	5	3
87	25	51
43	58	68
81	67	86
71	18	10
49	18	23
7	96	65
81	43	39
73	86	12
6	34	10
50	13	12
27	99	9
73	35	21
68	96	46
23	47	25
60	32	30
73	73	11
67	41	29
53	76	52
56	86	26
59	45	39
60	20	26
48	65	30
44	83	7
95	85	2
67	27	62
3	39	71
70	74	33
38	5	25
13	33	73
31	79	50
5	25	54
94	26	7
11	22	83
11	69	69
36	64	21
41	46	45
31	77	62
80	96	10
57	50	24
93	55	9
93	61	94
4	99	20
31	79	98
42	61	11
39	13	94
95	96	75
18	98	65
93	67	76
40	42	17
47	16	14
83	73	95
74	57	77
15	90	100
73	66	80
64	49	1
90	57	87
65	13	53
58	32	17
68	15	4
67	27	78
27	74	8
56	93	3
64	49	10
44	87	29
84	63	82
35	51	38
22	74	15
47	65	28
48	78	50
11	66	30
8	78	77
76	34	52
33	34	57
84	14	34
20	72	9
43	14	34
98	66	47
76	16	95
68	39	14
60	2	59
85	71	73
16	31	28
84	50	84
75	20	49
84	88	84
57	11	36
17	64	35
62	51	25
20	82	86
16	84	47
36	20	95
24	98	91
23	59	59
62	49	53
88	42	98
59	22	81
89	99	7
71	76	26
45	82	90
10	3	3
54	96	98
77	35	1
57	30	92
41	98	5
28	60	4
16	72	33
90	86	82
58	19	46
70	11	69
56	77	51
72	12	64
8	30	52
39	70	90
35	39	94
17	93	50
7	84	48
92	68	63
17	92	52
69	4	88
96	50	43
60	15	86
16	83	5
44	70	54
37	37	89
8	69	1
53	8	84
5	99	56
3	33	60
12	9	1
15	2	89
37	47	55
37	100	51
91	3	55
47	64	86
50	75	19
22	83	22
77	79	69
54	41	27
95	72	11
24	88	100
22	85	34
10	83	18
14	45	70
44	25	91
90	42	59
55	23	97
64	88	79
4	52	16
61	48	43
17	61	9
15	15	4
19	8	44
44	87	18
4	2	17
5	27	63
56	98	69
10	27	47
63	72	77
67	79	95
55	43	67
77	58	88
22	85	69
86	99	8
52	60	12
21	68	3
70	2	41
60	5	46
79	34	89
96	27	22
76	15	76
41	79	61
26	76	64
51	35	39
68	72	47
70	33	71
93	90	76
64	24	74
58	97	37
97	56	99
90	31	84
64	26	76
41	40	76
65	76	61
42	44	51
68	34	21
83	38	97
68	27	50
98	73	53
91	85	96
72	94	28
19	68	20
83	26	80
14	99	37
11	40	21
36	91	32
46	37	48
55	14	43
49	76	99
3	93	43
98	19	84
40	49	67
69	76	3
51	50	77
31	93	51
88	57	82
52	47	51
41	3	66
69	78	20
96	53	29
93	52	94
7	5	95
25	89	30
85	9	79
53	11	79
60	61	24
74	42	84
68	30	69
44	70	46
96	80	62
24	83	19
42	56	96
33	97	67
19	90	80
75	25	23
48	68	84
41	32	91
26	4	2
69	19	1
54	66	40
68	10	63
47	29	20
7	52	76
21	34	34
11	50	68
84	55	30
3	39	5
91	72	85
44	38	94
3	57	22
93	68	74
99	16	9
33	7	59
57	48	46
84	90	86
92	56	29
89	27	67
3	9	70
86	26	34
9	11	47
5	29	2
93	100	1
72	49	25
31	20	1
46	78	86
13	30	4
38	81	74
80	94	50
44	42	1
11	93	39
94	42	26
84	75	17
50	11	53
18	23	77
89	71	73
27	79	30
12	78	11
47	35	24
72	99	74
20	85	94
7	60	80
10	36	18
77	11	89
86	60	70
6	34	16
92	96	47
60	37	29
71	69	82
51	28	42
25	75	52
52	77	81
14	44	40
50	41	32
71	19	53
27	45	37
74	83	45
14	7	87
97	57	76
14	89	32
62	77	98
90	49	93
45	5	2
52	60	55
63	98	18
38	79	63
2	17	47
27	72	24
68	42	100
65	64	79
47	70	13
14	39	70
7	25	98
13	16	69
15	52	71
3	19	49
74	9	60
45	74	95
66	1	43
42	4	60
25	68	38
31	55	98
62	57	5
76	7	98
59	56	96
53	21	21
64	9	32
83	82	59
66	48	50
70	88	91
50	15	23
26	49	91
95	98	62
59	94	2
96	59	32
8	97	18
81	28	64
44	34	56
41	23	1
32	84	76
45	23	6
60	93	69
29	100	64
8	94	81
64	4	38
93	29	61
46	31	7
69	36	2
3	76	26
31	34	69
11	39	48
78	33	18
88	89	52
32	13	21
67	17	39
44	76	50
35	8	40
3	45	38
16	58	70
31	63	39
68	14	44
27	28	92
31	32	74
69	77	63
54	95	43
58	58	21
23	33	98
12	24	94
30	52	91
94	87	72
24	59	46
81	92	25
15	32	93
93	20	47
56	56	67
94	73	8
42	5	9
25	34	36
25	52	75
66	54	11
4	21	69
59	33	72
66	42	31
23	95	98
22	16	63
59	47	9
53	92	87
64	71	91
44	23	29
98	18	64
67	92	31
38	34	45
10	46	30
1	9	75
43	51	44
85	24	24
74	37	11
68	58	1
73	70	26
12	30	51
14	5	49
54	15	98
85	63	99
21	84	84
42	46	70
63	58	87
89	88	93
45	88	6
65	4	27
97	81	94
57	25	18
40	64	58
77	80	74
5	28	58
57	50	97
29	77	40
38	42	98
39	22	41
39	92	14
61	72	83
41	45	11
64	51	21
73	100	64
24	32	26
54	65	63
81	42	30
98	54	88
23	60	24
78	2	71
33	39	47
63	17	94
86	4	37
59	21	8
68	90	89
60	38	70
1	78	26
49	31	32
15	65	80
57	74	18
3	91	45
63	24	1
88	11	43
40	82	90
82	52	95
11	80	52
59	96	30
44	9	13
82	61	80
33	75	32
95	26	96
59	79	25
7	76	92
24	52	34
16	81	93
93	25	20
68	3	35
47	65	73
28	21	29
34	62	21
21	69	84
59	86	39
80	95	95
97	71	98
90	9	24
59	25	87
100	91	60
91	8	39
90	80	100
81	90	48
45	22	86
5	73	53
19	53	36
13	19	34
29	10	86
47	60	17
51	80	49
54	57	78
14	58	21
34	88	74
91	71	45
88	19	90
63	45	30
59	60	85
16	92	21
54	34	84
16	52	53
34	75	95
94	48	92
77	100	97
51	76	76
26	80	67
52	46	30
69	64	77
79	42	1
27	18	80
52	51	68
16	32	83
12	72	90
26	25	45
37	54	33
32	7	28
52	87	73
65	88	98
9	27	89
30	45	85
37	49	93
79	95	44
70	49	24
53	91	71
93	3	98
21	75	54
7	93	42
98	19	51
96	51	33
43	74	51
94	71	48
10	3	57
32	81	18
36	78	27
51	22	98
10	84	82
17	73	4
42	15	89
50	74	85
87	12	20
24	60	65
26	60	11
51	52	76
40	82	89
9	97	26
5	26	13
78	45	24
22	85	81
45	38	21
34	23	24
53	25	50
83	98	36
6	40	22
65	99	71
17	59	83
47	6	47
68	29	86
56	49	12
6	29	76
84	21	32
74	47	28
54	14	91
47	89	18
58	56	70
6	86	60
14	56	71
84	92	8
98	98	74
58	14	75
63	42	69
76	79	37
45	97	100
57	58	51
80	65	81
57	29	19
71	78	58
38	78	67
9	6	37
19	82	30
22	41	43
0 0