Teste 1
42 64
95 97
2 24
55 98
47 89
35 40
29 100
40 42
31 84
10 21
45 73
19 54
25 49
81 83
49 81
42 72
51 77
22 89
84 93
58 68
48 85
62 72
70 96
59 84
29 58
35 77
12 56
8 69
9 12
8 96
58 98
19 30
34 57
17 91
31 69
52 99
19 65
42 44
14 23
23 41
10 44
20 31
12 75
19 69
33 67
80 93
1 62
44 46
42 79
93 100
24 63
49 64
65 83
36 69
7 49
14 86
5 45
5 29
38 70
25 87
26 73
22 61
26 94
33 43
22 56
61 97
54 85
37 60
3 100
41 64
34 66
85 95
34 58
50 69
1 63
33 68
21 76
25 92
60 73
11 24
16 20
32 42
4 26
7 52
36 53
13 49
69 74
33 78
28 35
15 87
34 39
82 93
18 51
71 75
27 76
57 88
17 73
6 26
47 90

